x <- 1:10
y <- x+4
z<- 4
